  68 4195104 1
   1 4200719 1
   1 4200839 1
   1 4200959 0
   1 4200976 1
  40 4201367 1
  26 4201508 1
  26 4201611 1
  36 4201697 0
  68 4201697 1
   1 4201716 0
  35 4201716 1
   1 4201723 1
   1 4201738 1
  15 4201747 0
  53 4201747 1
  15 4201769 0
   1 4201787 0
  14 4201787 1
   1 4201796 1
  15 4201803 1
  26 4201818 0
  78 4201818 1
  26 4201978 1
  26 4202027 1
  26 4203562 1
  26 4203599 0
 676 4203639 0
 676 4203649 0
 676 4203655 0
 676 4203660 0
  26 4203676 0
 650 4203676 1
  26 4203682 1
  14 4203701 0
  12 4203701 1
  14 4203707 1
  14 4203746 1
  12 4203768 0
  26 4203784 0
  26 4203810 1
  26 4204359 0
  26 4204361 1
  26 4204366 1
  12 4204387 0
  14 4204387 1
  12 4204410 1
  14 4204426 1
  12 4204445 0
  14 4204445 1
  12 4204469 1
  14 4204488 1
  14 4204518 1
  14 4204580 1
  14 4204652 1
  14 4204743 1
  14 4204805 0
  14 4204810 0
  14 4204816 1
  14 4204873 0
  14 4204878 1
  14 4204951 0
  14 4204963 0
  14 4204965 1
  14 4205022 0
  14 4205027 1
  14 4205057 1
  28 4205148 1
  28 4205268 0
  28 4205273 0
  28 4205287 1
  28 4205329 0
  28 4205337 1
  28 4205364 1
  28 4205392 0
  28 4205397 1
  28 4205431 1
  40 4205555 1
  66 4205573 1
  14 4205627 1
  14 4205654 0
4214 4205683 1
 420 4205694 0
3794 4205694 1
 420 4205699 0
 420 4205704 1
 420 4205757 0
4214 4205795 1
4200 4205803 0
  14 4205803 1
4200 4205812 1
4200 4205820 0
4200 4205832 1
4200 4205846 1
  14 4205999 1
  14 4206040 0
5054 4206072 1
5054 4206084 1
2960 4206091 0
2094 4206091 1
2960 4206098 1
 804 4206106 0
2156 4206106 1
 804 4206115 1
 297 4206122 0
 507 4206122 1
 266 4206151 0
4788 4206151 1
  14 4206159 0
 252 4206159 1
  14 4206161 1
  14 4206174 1
  14 4206228 1
6670 4206243 0
  26 4206243 1
6670 4206274 1
  26 4206277 1
  40 4208320 1
  40 4208332 1
  40 4208343 1
  40 4208348 1
  40 4208362 1
  40 4208370 1
  14 4208377 0
  26 4208377 1
  14 4208382 1
  14 4208392 1
  14 4208399 1
  26 4208435 1
  26 4208442 0
  26 4208456 1
  26 4208467 0
  26 4208472 1
  26 4208483 0
  26 4208487 1
  26 4208495 1
  26 4208502 1
  14 4208551 1
  14 4208556 1
  14 4208578 1
  26 4208602 1
  26 4208633 1
  40 4208656 1
  40 4208661 1
  40 4208675 1
  40 4208700 1
  14 4212486 1
  14 4212505 1
  14 4212521 1
  14 4212546 1
  14 4212559 1
  14 4212567 0
  14 4212576 1
  14 4212603 0
  14 4212605 1
  14 4212621 0
  14 4212623 1
  14 4212639 0
  14 4212641 1
  14 4212649 0
  14 4212656 1
  14 4230870 1
5054 4230898 1
12160 4230922 1
  26 4232177 1
3028 4232329 0
1130 4232329 1
3268 4232400 0
 890 4232400 1
2609 4232419 0
2540 4232419 1
 728 4232429 0
1881 4232429 1
 728 4232431 1
6287 4232516 0
2003 4232516 1
2155 4232524 0
4132 4232524 1
4158 4232557 1
 917 4232697 0
 475 4232697 1
1106 4232768 0
 286 4232768 1
 797 4232787 0
 889 4232787 1
 217 4232797 0
 580 4232797 1
 217 4232799 1
1986 4232884 0
 702 4232884 1
 690 4232892 0
1296 4232892 1
1392 4232925 1
4169 4232989 0
9760 4232989 1
4122 4233011 0
  47 4233011 1
4093 4233033 0
  29 4233033 1
4080 4233067 0
  13 4233067 1
13929 4233101 1
4200 4234759 1
  14 4234791 0
  14 4234810 0
 162 4234852 0
 237 4234852 1
 162 4234856 1
 157 4234899 0
 242 4234899 1
 157 4234903 1
  14 4234933 0
 385 4234933 1
   6 4234938 0
   8 4234938 1
   2 4234960 0
   4 4234960 1
   2 4234964 1
  14 4235001 1
1751 4240886 0
5310 4240886 1
 277 4240905 0
1474 4240905 1
 277 4240909 1
3576 4240955 0
 412 4240955 1
2731 4240966 0
1257 4240966 1
 217 4240975 0
2514 4240975 1
1062 4240981 0
 689 4240981 1
1702 4241014 0
5359 4241014 1
4727 4241053 0
 621 4241053 1
4267 4241064 0
1081 4241064 1
 621 4241073 0
3646 4241073 1
1081 4241078 0
 621 4241078 1
1637 4241108 0
5424 4241108 1
5355 4241149 0
 540 4241149 1
4626 4241160 0
1269 4241160 1
 368 4241169 0
4258 4241169 1
1097 4241174 0
 540 4241174 1
1676 4241204 0
5385 4241204 1
5019 4241245 0
 538 4241245 1
4386 4241256 0
1171 4241256 1
 505 4241265 0
3881 4241265 1
1138 4241270 0
 538 4241270 1
4070 4241302 0
2991 4241302 1
4070 4241346 1
 131 4241442 1
  38 4241477 0
  93 4241477 1
 119 4241547 1
  38 4241601 0
  81 4241601 1
  40 4241631 0
  91 4241631 1
  62 4241688 1
  40 4241740 0
  22 4241740 1
  36 4241773 0
  95 4241773 1
  70 4241832 1
  36 4241884 0
  34 4241884 1
  86 4241917 0
  45 4241917 1
  86 4241925 1
  72 4241992 1
  45 4242052 0
  27 4242052 1
 131 4242142 1
 131 4242190 0
4001 4242190 1
 131 4242212 1
4001 4242306 1
9420 4242358 0
6584 4242358 1
4619 4242367 0
4801 4242367 1
 587 4242391 0
4032 4242391 1
1014 4242456 1
 587 4242507 0
 427 4242507 1
 587 4242532 1
4801 4242547 0
4055 4242569 0
 746 4242569 1
2219 4242587 0
1836 4242587 1
2219 4242596 1
4055 4242603 1
4001 4242615 0
12003 4242615 1
  22 4242692 0
3979 4242692 1
  54 4242760 1
  22 4242808 0
  32 4242808 1
4001 4242829 1
4341 4242853 0
14123 4242853 1
1221 4242967 0
3120 4242967 1
 107 4242971 0
1114 4242971 1
 107 4242975 1
14123 4242978 1
 205 4242982 0
2915 4242982 1
 205 4242986 1
4029 4242989 1
17660 4243531 1
17661 4243539 1
4854 4245862 0
4510 4245862 1
4854 4245881 0
 472 4245900 0
4382 4245900 1
 134 4245909 0
 338 4245909 1
 134 4245935 1
 134 4246021 0
  60 4246038 0
  96 4246038 1
 134 4246052 0
  22 4246052 1
  38 4246062 0
  96 4246062 1
 376 4246072 0
 376 4246091 0
  43 4246091 1
 283 4246111 0
  93 4246111 1
 174 4246131 0
 109 4246131 1
  91 4246151 0
  83 4246151 1
  91 4246171 1
  43 4246184 1
2341 4246231 0
7023 4246231 1
1001 4246251 0
1340 4246251 1
1001 4246267 1
10222 4246591 0
12486 4246591 1
10222 4246595 1
12486 4246609 1
7408 4246616 0
5078 4246616 1
7408 4246620 1
2807 4246642 0
2271 4246642 1
1578 4246709 0
9342 4246709 1
1578 4246713 0
1771 4246724 0
  60 4246724 1
1518 4246732 0
 253 4246732 1
1325 4246737 0
 193 4246737 1
1325 4246753 1
2266 4246771 0
7076 4246771 1
1247 4246792 0
1019 4246792 1
1247 4246803 1
1006 4246815 0
 241 4246815 1
2373 4246841 0
8113 4246841 1
2373 4246847 1
22708 4246865 1
4251 4246995 0
12245 4246995 1
1001 4247021 0
3250 4247021 1
1001 4247050 0
 517 4247050 1
 747 4247070 0
 254 4247070 1
 482 4247090 0
 265 4247090 1
 247 4247110 0
 235 4247110 1
 247 4247130 1
 517 4247145 1
1001 4247159 1
 631 4247166 0
 370 4247166 1
1001 4247203 1
 279 4247211 0
 722 4247211 1
 253 4247227 0
  26 4247227 1
 253 4247246 1
  26 4247258 1
4124 4247276 0
12372 4247276 1
4124 4247296 1
50092 4247338 1
 861 4247392 0
11625 4247392 1
 333 4247399 0
 528 4247399 1
 333 4247401 1
3764 4247408 0
7861 4247408 1
 692 4247418 0
3072 4247418 1
 575 4247460 0
8506 4247460 1
 176 4247467 0
 399 4247467 1
 176 4247469 1
2254 4247476 0
6252 4247476 1
 506 4247486 0
1748 4247486 1
 421 4247524 0
6736 4247524 1
 124 4247531 0
 297 4247531 1
 124 4247533 1
1504 4247537 0
5232 4247537 1
 374 4247547 0
1130 4247547 1
 389 4247585 0
5514 4247585 1
 279 4247592 0
 110 4247592 1
 279 4247594 1
1020 4247598 0
4494 4247598 1
 715 4247608 0
 305 4247608 1
7408 4247610 1
5078 4247613 1
20328 4247991 1
1333 4255580 0
2791 4255580 1
1333 4255590 1
1128 4255597 0
 205 4255597 1
1516 4255630 0
2608 4255630 1
1516 4255640 1
1080 4255647 0
 436 4255647 1
1335 4255680 0
2789 4255680 1
1335 4255690 1
1144 4255697 0
 191 4255697 1
1609 4255730 0
2515 4255730 1
1609 4255740 1
1156 4255747 0
 453 4255747 1
1587 4255780 0
2537 4255780 1
1587 4255790 1
1161 4255797 0
 426 4255797 1
1422 4255830 0
2702 4255830 1
1422 4255840 1
1232 4255847 0
 190 4255847 1
1642 4255880 0
2482 4255880 1
1642 4255890 1
1244 4255897 0
 398 4255897 1
1395 4255930 0
2729 4255930 1
1395 4255940 1
1181 4255947 0
 214 4255947 1
4124 4255976 1
 258 4256021 0
3866 4256021 1
 279 4256063 1
 258 4256096 0
  21 4256096 1
4124 4256113 1
 278 4256142 0
   1 4256142 1
 278 4256183 0
 102 4256210 0
 176 4256210 1
  28 4256231 0
  74 4256231 1
  87 4256251 0
 117 4256251 1
  13 4256272 0
  74 4256272 1
  79 4256292 0
  51 4256292 1
  13 4256313 0
  66 4256313 1
  61 4256333 0
   3 4256333 1
  58 4256354 0
   3 4256354 1
 279 4256369 1
4818 4257508 0
5642 4257508 1
3670 4257551 0
6790 4257551 1
3143 4257594 0
7317 4257594 1
2846 4257637 0
7614 4257637 1
10460 4257668 1
2283 4264812 0
2184 4264812 1
 718 4264837 0
1565 4264837 1
 718 4264845 0
 377 4264868 0
 467 4264868 1
 251 4264876 0
 126 4264876 1
 220 4264891 0
  31 4264891 1
 701 4264916 0
1551 4264916 1
 701 4264924 0
 359 4264932 0
 466 4264932 1
 235 4264940 0
 124 4264940 1
 204 4264955 0
  31 4264955 1
 832 4264980 0
1389 4264980 1
 832 4264988 0
 474 4264996 0
 541 4264996 1
 291 4265004 0
 183 4265004 1
 205 4265019 0
  86 4265019 1
 744 4265040 0
1391 4265040 1
 744 4265048 0
 489 4265060 0
 502 4265060 1
 242 4265068 0
 247 4265068 1
 149 4265083 0
  93 4265083 1
1006 4265096 0
3220 4265096 1
1247 4265102 1
  26 4265452 1
  26 4265570 0
  26 4265575 0
  26 4265589 1
  12 4265631 0
  14 4265631 1
  12 4265639 1
  26 4265666 1
  12 4265694 0
  14 4265694 1
  12 4265699 1
  26 4265733 1
4214 4267230 1
4214 4267270 1
20328 4268754 1
  80 4280513 1
  80 4280651 1
  40 4280879 1
  40 4280898 1
  40 4280913 1
  40 4280935 1
  40 4280951 1
  40 4281044 1
  29 4281060 0
  11 4281060 1
  29 4281069 1
  29 4281076 1
  40 4281115 1
  40 4281132 1
4214 4284262 1
4146 4284316 0
  68 4284316 1
4146 4284329 0
4146 4284338 1
4124 4284353 0
  22 4284353 1
4124 4284379 1
4124 4284403 1
4124 4284427 1
3282 4284440 0
 842 4284440 1
3231 4284454 0
  51 4284454 1
3231 4284462 1
 932 4284469 1
2470 4284479 1
2470 4284495 1
2470 4284517 1
2467 4284527 0
   4 4284527 1
2467 4284541 1
2467 4284556 1
2467 4284571 1
2467 4284614 1
2467 4284630 1
2467 4284652 1
2467 4284662 0
2467 4284673 1
2467 4284688 1
2467 4284707 1
2467 4284755 1
2467 4284771 1
2467 4284793 1
2467 4284803 0
2467 4284814 1
2467 4284829 1
2467 4284845 1
2467 4284891 1
2467 4284907 1
2467 4284929 1
2467 4284939 0
2467 4284950 1
2467 4284965 1
2467 4284981 1
2467 4285030 1
2467 4285041 1
2467 4285048 0
3956 4285080 0
2389 4285080 1
  78 4285092 0
3878 4285092 1
4214 4285195 1
  51 4285203 0
  51 4285241 1
2389 4285356 1
  51 4285374 0
   9 4285437 0
  42 4285437 1
3240 4285462 0
6957 4285462 1
3282 4285464 1
3241 4285479 0
  41 4285479 1
3241 4285511 0
10460 4285551 0
  81 4285551 1
10460 4285562 1
10460 4285578 1
10460 4285594 1
50092 4285660 1
40278 4285674 0
9814 4285674 1
48153 4285685 0
1939 4285685 1
8520 4285692 0
39633 4285692 1
2908 4285727 0
7551 4285727 1
3240 4285784 0
7300 4285784 1
3240 4285790 1
3240 4285805 1
1743 4285816 0
1497 4285816 1
 566 4285848 0
1743 4285848 1
 566 4285856 1
  41 4285865 1
1497 4285875 1
4132 4285891 0
4132 4285905 1
4132 4285928 1
4132 4286006 1
9871 4286503 1
9871 4286516 1
4906 4286523 0
4965 4286523 1
4906 4286532 0
4906 4286547 0
8489 4286573 0
   2 4286573 1
8489 4286580 1
6743 4286587 0
1747 4286587 1
6743 4286597 1
1901 4286604 0
4842 4286604 1
  65 4286613 0
3585 4286613 1
  65 4286615 1
  65 4286722 0
  65 4286734 0
 270 4286749 0
 270 4286756 1
 180 4286763 0
  90 4286763 1
 180 4286773 1
 118 4286780 0
  62 4286780 1
   3 4286792 0
 205 4286792 1
   3 4286794 1
4965 4286900 0
4965 4286912 0
8720 4286941 0
   4 4286941 1
8720 4286948 1
6889 4286955 0
1831 4286955 1
6889 4286965 1
1959 4286972 0
4930 4286972 1
  35 4286991 0
3759 4286991 1
  35 4286993 1
  35 4287106 0
  35 4287120 0
 181 4287149 0
 181 4287156 1
 117 4287163 0
  64 4287163 1
 117 4287173 1
  83 4287180 0
  34 4287180 1
   1 4287188 0
 146 4287188 1
   1 4287190 1
9872 4287293 1
4214 4287622 1
  26 4287676 0
  26 4287690 1
  26 4287732 0
  26 4287765 1
  26 4287953 1
4200 4287974 1
4200 4288000 1
  14 4288032 1
 460 4288118 1
  14 4316238 1
  14 4316382 1
  14 4316600 1
  14 4316607 1
1182 4316651 0
1912 4316651 1
3080 4316665 0
  14 4316665 1
1209 4316679 0
1871 4316679 1
1209 4316688 1
  14 4316699 1
  14 4316713 1
25449 4316859 1
25449 4316899 1
25449 4317140 1
 523 4317251 1
 523 4317274 1
  66 4318167 1
  26 4318499 1
  40 4318714 1
  40 4318728 1
  19 4318739 0
  21 4318739 1
  14 4318748 0
  26 4318748 1
   7 4318756 0
   7 4318756 1
   7 4318758 1
  26 4318763 0
  12 4318771 0
  14 4318771 1
  40 4318781 1
  40 4318794 1
  40 4318835 1
  97 4319011 1
  14 4319059 1
  26 4319081 0
  26 4319108 1
  14 4319127 0
  12 4319127 1
3612 4319154 0
3584 4319179 0
  28 4319179 1
3598 4319319 0
  14 4319319 1
3598 4319329 0
3598 4319331 1
3084 4319357 0
1061 4319378 0
2023 4319378 1
3072 4319511 0
  12 4319511 1
3072 4319517 0
3072 4319519 1
  26 4319527 1
  26 4320724 1
  26 4320742 0
  14 4320751 0
  12 4320751 1
   7 4320761 0
   7 4320761 1
1806 4320795 1
 105 4320802 0
1701 4320802 1
 105 4320811 1
 105 4320825 1
   7 4320837 0
1799 4320837 1
   7 4320839 1
3084 4320872 1
 180 4320879 0
2904 4320879 1
 180 4320888 1
  75 4320910 0
 105 4320910 1
 180 4320918 1
  12 4320930 0
3072 4320930 1
  12 4320932 1
1806 4320955 1
 104 4320962 0
1702 4320962 1
 104 4320971 1
 104 4320982 1
   7 4320994 0
1799 4320994 1
  26 4321004 1
  82 4327784 1
  82 4327792 1
  82 4327838 1
  82 4332179 0
  82 4332181 1
  14 4866121 0
  14 4866136 1
 126 4866184 0
  14 4866184 1
 126 4866190 1
  25 4866285 1
  11 4866329 0
  14 4866329 1
  25 4866368 1
  25 4866438 0
  25 4866446 0
  25 4866458 1
  14 4866507 0
 126 4866507 1
  14 4866527 1
  82 4867961 0
  82 4867971 0
  82 4867981 0
  82 4867989 0
  26 4868005 0
  56 4868005 1
  26 4868023 0
  26 4868040 0
  26 4868058 0
  26 4868073 1
  26 4868103 0
  26 4868124 1
  11 4868143 0
  15 4868143 1
  11 4868148 1
  26 4868175 1
  26 4868185 0
  11 4868190 0
  15 4868190 1
  11 4868195 1
  26 4868219 1
  56 4868226 0
  56 4868238 1
  56 4868267 0
  56 4868279 1
  56 4868291 0
  56 4868308 0
  56 4868322 0
  56 4868336 0
  56 4868346 1
  56 4868421 0
  41 4868433 0
  15 4868433 1
  41 4868451 0
  41 4868461 0
  41 4868483 1
  56 4868515 0
  56 4868536 0
  56 4868585 1
  56 4869104 1
  56 4869125 0
  56 4869145 1
  56 4869310 0
  56 4869322 0
  56 4869335 1
  56 4869354 0
  56 4869374 1
  15 4869381 1
  56 4870819 1
  82 4873258 0
  26 4873301 0
  56 4873301 1
   1 4873333 0
  25 4873333 1
   1 4873351 1
   1 4873365 0
   1 4873367 1
  53 4873424 0
  28 4873424 1
  25 4873450 0
  28 4873450 1
  25 4873459 0
  25 4873470 0
  25 4873497 1
  82 4873517 0
  82 4873543 1
  28 4873555 1
  14 4873586 0
  14 4873586 1
  14 4873596 1
  56 4873745 1
 110 4873816 0
 124 4873829 0
  42 4873829 1
 124 4873849 0
 124 4873862 0
  57 4873879 0
  67 4873879 1
  29 4873884 0
  28 4873884 1
 110 4873901 0
  14 4873901 1
  43 4873914 0
  67 4873914 1
  42 4873931 0
   1 4873931 1
  14 4873958 0
  28 4873958 1
  14 4873976 0
  14 4873985 1
   1 4874027 0
   1 4874061 0
  29 4874076 1
  14 4874095 1
  14 4874132 0
  14 4874134 1
  14 4874174 1
  14 4874231 0
  14 4874231 1
  14 4874244 1
  14 4874436 1
  28 4874486 0
  14 4874486 1
  28 4874541 0
  14 4874541 1
  28 4874553 0
  28 4874566 1
 350 4874806 0
  42 4874814 0
 350 4874814 1
  42 4874823 1
  14 4874868 0
  14 4874874 1
   1 4874893 1
  14 4874944 1
  28 4875124 1
  28 4875175 1
  42 4875243 0
  42 4875269 0
  42 4875279 0
  42 4875300 0
  14 4875310 0
  28 4875310 1
  42 4875320 1
  42 4875404 0
  28 4875433 0
  14 4875433 1
  42 4875446 1
  42 4875507 1
  28 4878049 0
  28 4878064 0
  28 4878071 0
  28 4878086 1
  82 4881779 0
  82 4881799 0
  82 4881819 1
  82 4881836 0
  82 4881848 1
  82 4881859 0
  82 4881868 1
  82 4881883 0
  82 4881895 0
  82 4881904 0
  82 4881909 0
  82 4881924 1
  82 4883434 0
  82 4883443 0
  82 4883459 0
  82 4883468 1
  82 4883484 1
  28 4963751 1
  14 4963756 1
  14 4963772 1
  14 4963795 0
  14 4963812 0
  14 4963834 0
  14 4963865 0
  14 4963867 1
  28 4963882 1
  14 4963943 0
  14 4963943 1
  14 4963950 0
  56 4963992 0
  14 4963992 1
  56 4964034 1
  14 4964056 1
  14 4964089 0
  14 4964106 0
  14 4964116 0
  14 4964122 1
  32 4999830 0
  36 4999830 1
  32 4999832 0
  28 4999842 0
   4 4999842 1
  28 4999844 1
  12 4999857 0
  28 4999857 1
  12 4999872 1
  28 4999928 0
  28 4999938 1
  28 5000014 0
  28 5000024 1
  28 5000096 1
  28 5000187 0
  28 5000278 0
 140 5000278 1
  28 5000291 1
  28 5000364 1
  28 5000642 1
  28 5000731 0
  28 5000818 0
 140 5000818 1
  28 5000831 0
  28 5000900 1
  28 5006432 1
  29 5006616 1
  11 5008518 1