3567 4204584 0
3326 4204584 1
3567 4204603 0
3567 4204612 0
28590 4204778 1
28590 4205138 0
28590 4205202 0
86634 4205202 1
28590 4205206 1
3567 4205248 0
25023 4205248 1
3567 4205259 1
3326 4205860 1
3326 4207044 1
6893 4207626 1
 959 4210504 0
 959 4210696 0
6713 4210696 1
 959 4210702 1
 959 4210723 1
 600 4213763 0
 600 4213789 0
 600 4213922 0
 600 4213927 1
 600 4213953 1
7440 4249605 0
52079 4249605 1
7440 4249611 1
1384 4253692 1
1384 4253714 1
1384 4253736 1
1385 4253758 1
1385 4253781 1
3959 4258948 1
3959 4258993 1
3958 4259008 1
7917 4259217 0
23754 4259217 1
7917 4259780 1
   7 4451710 1
   7 4451761 0
 600 4451805 1
   7 4451861 0
 593 4451861 1
   7 4451882 1
 593 4473535 0
   7 4473535 1
 593 4473539 0
 586 4473555 0
   7 4473555 1
 586 4473573 0
 586 4473578 1
  14 4473592 0
 600 4473662 1
 600 4473685 1
  14 4473847 0
 586 4473847 1
 600 4474098 1
 600 4474132 0
 600 4474462 1
 600 4474737 1
 600 4474808 1
 600 4474857 1
 600 4474898 1
 179 4474972 0
 420 4474972 1
 179 4475037 1
 179 4475069 1
 179 4475111 1
 599 4475180 0
 599 4475180 1
 592 4475248 0
   7 4475248 1
 599 4475281 0
 592 4475312 0
   7 4475312 1
 592 4475351 0
   7 4475351 1
 599 4475373 1
 599 4475442 1
 599 4475646 1
 165 4475677 0
 435 4475677 1
 600 4475765 0
 599 4475765 1
 600 4475779 0
 429 4475794 0
 171 4475794 1
   9 4475804 0
 420 4475804 1
 180 4475831 1
 420 4475995 1
 180 4476088 1
 180 4476167 1
 180 4476211 1
 180 4476253 1
 600 4476289 1
 600 4477175 0
 600 4477180 1
 600 4477270 0
 600 4477282 0
 586 4477358 0
  14 4477358 1
 600 4477444 1
 599 4479995 0
 599 4480044 0
 599 4480165 1
 599 4480193 1
 599 4480271 0
 717 4480357 0
1658 4480357 1
 536 4480367 0
 181 4480367 1
 536 4480501 1
 536 4480535 1
 599 4480635 0
1776 4480635 1
 599 4480654 1
 599 4481346 1
 168 4481414 0
 431 4481414 1
 168 4481439 1
 168 4481494 1
 599 4481511 0
 599 4481589 1
 785 4482385 1
 186 4482617 0
 599 4482617 1
 186 4482654 0
 186 4482705 1
 599 4482742 1
 517 4489897 0
  82 4489897 1
 488 4489902 0
  29 4489902 1
 488 4489907 1
 111 4489930 0
 599 4489967 1
 600 4489989 1
 599 4499691 1
 599 4499822 0
 599 4499836 1
 599 4500105 0
 599 4500258 1
 599 4500330 1
 599 4500384 1
  68 4500573 0
 532 4500573 1
  68 4500589 0
  68 4500595 1
 600 4500619 1
 600 4500667 0
 600 4500738 1
 600 4500769 1
 600 4500830 1
 600 4501229 1
 600 4501294 0
 600 4501309 0
 600 4501431 0
 600 4501444 0
 600 4501457 0
 600 4501470 0
 600 4501490 0
 600 4501501 1
 600 4501594 1
 600 4501626 1
 600 4501689 1
 600 4502037 1
 600 4502092 0
 600 4502177 1
 600 4502208 1
 600 4502272 1
 600 4502666 0
 600 4502671 1
 600 4502766 1
 600 4502797 1
 600 4502861 1
 600 4503264 0
 600 4503269 1
 600 4503363 1
 600 4503394 1
 600 4503458 1
 600 4503818 1
 125 4503899 0
 475 4503899 1
 125 4503930 0
 125 4503936 1
 600 4504577 1