2200 10798111 1
1100 10798153 0
1100 10798153 1
1100 10798157 1
1100 10798159 1
2200 10798186 1
 172 10822016 0
 928 10822016 1
 172 10822024 1
 281 10822038 1
 140 10822068 0
 281 10822068 1
 140 10822076 1
 172 10822107 0
 109 10822107 1
 276 10822116 0
 824 10822116 1
 276 10822144 0
5367 10822144 1
 276 10822146 1
1100 10822200 1
1100 10822265 1
1100 10822312 1
1100 10822335 0
1100 10822346 1
1100 10822375 0
1100 10822393 1
1100 10822431 1
 156 10822438 0
 944 10822438 1
 156 10822450 0
 156 10822461 0
 156 10822465 0
 156 10822489 1
1100 10822508 1
1100 4248582 0
1100 4248594 1
 156 4248741 0
 944 4248741 1
 156 4248755 1
1100 4248949 1
135298 4257044 1
135297 4257069 0
135297 4257074 0
135298 4257085 0
135298 4257090 0
135298 4257099 0
135298 4257109 0
135298 4257122 1
270596 4257539 0
135298 4257539 1
270596 4257561 1
135298 4257648 1
 156 4257681 0
 156 4257696 0
135298 4257719 0
135298 4257731 1
135298 4257766 1
135298 4257774 1
 156 4257940 0
135142 4257940 1
 156 4257965 1
 156 4257994 0
 156 4258003 1
 156 4258025 1