 933 4259729 0
6205 4260673 0
1824 4260673 1
6205 4260677 1
1700 4260776 0
 124 4260776 1
  12 4260804 0
1688 4260804 1
  12 4260870 0
1700 4260890 0
1700 4260926 0
3388 4260926 1
1619 4260979 0
 205 4260979 1
1619 4261020 1
 142 4261046 0
  63 4261046 1
 426 4261124 1
 426 4261229 0
 426 4261261 0
 426 4261261 1
 142 4261278 0
 284 4261278 1
1824 4261315 1
1701 4261417 0
 124 4261417 1
  12 4261445 0
1689 4261445 1
  12 4261513 0
1701 4261533 0
1701 4261582 0
3390 4261582 1
1620 4261612 0
 205 4261612 1
1620 4261669 1
2470 4261780 0
13656 4261780 1
2346 4261869 0
 124 4261869 1
  13 4261897 0
2333 4261897 1
  13 4261974 0
2346 4261994 0
2346 4262030 0
4679 4262030 1
2190 4262074 0
 280 4262074 1
2190 4262118 1
 235 4262134 0
  45 4262134 1
 705 4262241 1
 705 4262320 0
 705 4262365 0
 705 4262365 1
 235 4262386 0
 470 4262386 1
2470 4262422 1
2347 4262533 0
 124 4262533 1
  13 4262561 0
2334 4262561 1
  13 4262635 0
2347 4262658 0
2347 4262702 0
4681 4262702 1
2191 4262740 0
 280 4262740 1
2191 4262792 1
2967 4262920 0
1683 4262920 1
2719 4263001 0
 248 4263001 1
  13 4263029 0
2706 4263029 1
  13 4263094 0
2719 4263114 0
2719 4263150 0
5425 4263150 1
2218 4263194 0
 749 4263194 1
2218 4263238 1
 704 4263254 0
  45 4263254 1
2112 4263361 1
2112 4263440 0
2112 4263485 0
2112 4263485 1
 704 4263506 0
1408 4263506 1
2967 4263542 1
2720 4263645 0
 248 4263645 1
  13 4263673 0
2707 4263673 1
  13 4263755 0
2720 4263778 0
2720 4263822 0
5427 4263822 1
2219 4263860 0
 749 4263860 1
2219 4263912 1
5520 4264014 0
21180 4264014 1
5352 4264079 0
 168 4264079 1
  29 4264107 0
5323 4264107 1
  29 4264182 0
5352 4264202 0
5352 4264238 0
10675 4264238 1
4425 4264287 0
1095 4264287 1
4425 4264331 1
1025 4264342 0
  70 4264342 1
3075 4264417 1
3075 4264522 0
3075 4264557 0
3075 4264557 1
1025 4264574 0
2050 4264574 1
5520 4264613 1
5353 4264713 0
 168 4264713 1
  29 4264741 0
5324 4264741 1
  29 4264811 0
5353 4264831 0
5353 4264862 0
10677 4264862 1
4426 4264900 0
1095 4264900 1
4426 4264952 1
7208 4265088 0
41917 4265088 1
7016 4265153 0
 192 4265153 1
  42 4265181 0
6974 4265181 1
  42 4265254 0
7016 4265274 0
7016 4265310 0
13990 4265310 1
5065 4265354 0
2143 4265354 1
5065 4265398 1
2073 4265414 0
  70 4265414 1
6219 4265521 1
6219 4265600 0
6219 4265645 0
6219 4265645 1
2073 4265666 0
4146 4265666 1
7208 4265705 1
7017 4265792 0
 192 4265792 1
  42 4265820 0
6975 4265820 1
  42 4265899 0
7017 4265919 0
7017 4265966 0
13992 4265966 1
5066 4266004 0
2143 4266004 1
5066 4266056 1
7516 4266190 0
15879 4266190 1
7348 4266247 0
 168 4266247 1
  34 4266275 0
7314 4266275 1
  34 4266342 0
7348 4266362 0
7348 4266398 0
14662 4266398 1
5037 4266442 0
2479 4266442 1
5037 4266486 1
2429 4266502 0
  50 4266502 1
7285 4266609 1
7284 4266688 0
7284 4266733 0
7284 4266733 1
2428 4266754 0
4856 4266754 1
7515 4266793 1
7349 4266872 0
 168 4266872 1
  34 4266900 0
7315 4266900 1
  34 4266971 0
7349 4266991 0
7349 4267038 0
14664 4267038 1
5038 4267076 0
2479 4267076 1
5038 4267128 1
6086 4267227 0
61280 4267227 1
6034 4267260 0
  52 4267260 1
  38 4267288 0
5996 4267288 1
  38 4267350 0
6034 4267370 0
6034 4267406 0
12030 4267406 1
4305 4267463 0
1781 4267463 1
4305 4267507 1
1717 4267526 0
  64 4267526 1
5151 4267601 1
5151 4267706 0
5151 4267741 0
5151 4267741 1
1717 4267758 0
3434 4267758 1
6086 4267794 1
6036 4267870 0
  52 4267870 1
  38 4267898 0
5998 4267898 1
  38 4267977 0
6036 4267997 0
6036 4268030 0
12034 4268030 1
4306 4268068 0
1782 4268068 1
4306 4268120 1
2588 4268271 0
51703 4268271 1
2536 4268307 0
  52 4268307 1
  56 4268335 0
2480 4268335 1
  56 4268406 0
2536 4268426 0
2536 4268462 0
5016 4268462 1
1676 4268605 0
 912 4268605 1
1676 4268649 1
 794 4268662 0
 118 4268662 1
2382 4268769 1
2382 4268848 0
2382 4268893 0
2382 4268893 1
 794 4268914 0
1588 4268914 1
1531 4269023 0
1057 4269023 1
1531 4269028 1
1005 4269059 0
  52 4269059 1
  56 4269087 0
 949 4269087 1
  56 4269158 0
1005 4269178 0
1005 4269214 0
1954 4269214 1
 169 4269247 0
 888 4269247 1
 169 4269291 1
 794 4269302 0
  94 4269302 1
2382 4269409 1
2382 4269488 0
2382 4269533 0
2382 4269533 1
 794 4269554 0
1588 4269554 1
 160 4269580 0
 897 4269580 1
 624 4269609 0
 260 4269609 1
2452 4269619 0
 500 4269619 1
2328 4269637 0
 124 4269637 1
2328 4269639 1
  36 4269664 0
 724 4269664 1
1057 4269693 1
 933 4270130 0
 124 4270130 1
 933 4270151 1
 934 4270163 0
1006 4270212 0
  52 4270212 1
  56 4270240 0
 950 4270240 1
  56 4270319 0
1006 4270339 0
1006 4270382 0
1956 4270382 1
 169 4270426 0
 889 4270426 1
 169 4270471 1
 795 4270479 0
  94 4270479 1
2385 4270545 1
2385 4270624 0
2385 4270670 0
2385 4270670 1
 795 4270687 0
1590 4270687 1
 795 4270702 1
 263 4270710 1
2589 4270792 0
2537 4270848 0
  52 4270848 1
  56 4270876 0
2481 4270876 1
  56 4270953 0
2537 4270973 0
2538 4271022 0
5019 4271022 1
1677 4271052 0
 913 4271052 1
1677 4271096 1
 795 4271104 0
 118 4271104 1
2385 4271185 1
2385 4271270 0
2385 4271309 0
2385 4271309 1
 795 4271326 0
1590 4271326 1
 795 4271356 1
6088 4271416 0
48205 4271416 1
6088 4271422 1
1718 4271430 0
  64 4271430 1
5154 4271521 1
5154 4271606 0
5154 4271645 0
5154 4271645 1
1718 4271662 0
3436 4271662 1
1718 4271693 1
7517 4271726 0
59851 4271726 1
7517 4271732 1
2429 4271740 0
  50 4271740 1
7287 4271825 1
7287 4271916 0
7287 4271949 0
7287 4271949 1
2429 4271966 0
4858 4271966 1
2429 4271996 1
7209 4272048 0
16187 4272048 1
7209 4272054 1
2073 4272062 0
  70 4272062 1
6219 4272145 1
6219 4272236 0
6219 4272269 0
6219 4272269 1
2073 4272286 0
4146 4272286 1
2073 4272316 1
5521 4272368 0
43605 4272368 1
5521 4272374 1
1025 4272382 0
  70 4272382 1
3075 4272465 1
3075 4272556 0
3075 4272589 0
3075 4272589 1
1025 4272606 0
2050 4272606 1
1025 4272636 1
2968 4272670 0
23733 4272670 1
2968 4272676 1
 704 4272684 0
  45 4272684 1
2112 4272769 1
2112 4272856 0
2112 4272893 0
2112 4272893 1
 704 4272910 0
1408 4272910 1
 704 4272940 1
2471 4272992 0
2180 4272992 1
2471 4272998 1
 235 4273006 0
  45 4273006 1
 705 4273089 1
 705 4273176 0
 705 4273213 0
 705 4273213 1
 235 4273230 0
 470 4273230 1
 235 4273258 1
1825 4273313 0
14302 4273313 1
1825 4273319 1
 142 4273335 0
  63 4273335 1
 426 4273425 1
 426 4273510 0
 426 4273549 0
 426 4273549 1
 142 4273566 0
 284 4273566 1
 142 4273585 1
 934 4273640 0
7096 4273640 1
 934 4273663 1