 933 4259729
8029 4260673
6205 4260677
1824 4260776
1700 4260804
  12 4260870
1700 4260890
5088 4260926
1824 4260979
1619 4261020
 205 4261046
 426 4261124
 426 4261229
 852 4261261
 426 4261278
1824 4261315
1825 4261417
1701 4261445
  12 4261513
1701 4261533
5091 4261582
1825 4261612
1620 4261669
16126 4261780
2470 4261869
2346 4261897
  13 4261974
2346 4261994
7025 4262030
2470 4262074
2190 4262118
 280 4262134
 705 4262241
 705 4262320
1410 4262365
 705 4262386
2470 4262422
2471 4262533
2347 4262561
  13 4262635
2347 4262658
7028 4262702
2471 4262740
2191 4262792
4650 4262920
2967 4263001
2719 4263029
  13 4263094
2719 4263114
8144 4263150
2967 4263194
2218 4263238
 749 4263254
2112 4263361
2112 4263440
4224 4263485
2112 4263506
2967 4263542
2968 4263645
2720 4263673
  13 4263755
2720 4263778
8147 4263822
2968 4263860
2219 4263912
26700 4264014
5520 4264079
5352 4264107
  29 4264182
5352 4264202
16027 4264238
5520 4264287
4425 4264331
1095 4264342
3075 4264417
3075 4264522
6150 4264557
3075 4264574
5520 4264613
5521 4264713
5353 4264741
  29 4264811
5353 4264831
16030 4264862
5521 4264900
4426 4264952
49125 4265088
7208 4265153
7016 4265181
  42 4265254
7016 4265274
21006 4265310
7208 4265354
5065 4265398
2143 4265414
6219 4265521
6219 4265600
12438 4265645
6219 4265666
7208 4265705
7209 4265792
7017 4265820
  42 4265899
7017 4265919
21009 4265966
7209 4266004
5066 4266056
23395 4266190
7516 4266247
7348 4266275
  34 4266342
7348 4266362
22010 4266398
7516 4266442
5037 4266486
2479 4266502
7285 4266609
7284 4266688
14568 4266733
7284 4266754
7515 4266793
7517 4266872
7349 4266900
  34 4266971
7349 4266991
22013 4267038
7517 4267076
5038 4267128
67366 4267227
6086 4267260
6034 4267288
  38 4267350
6034 4267370
18064 4267406
6086 4267463
4305 4267507
1781 4267526
5151 4267601
5151 4267706
10302 4267741
5151 4267758
6086 4267794
6088 4267870
6036 4267898
  38 4267977
6036 4267997
18070 4268030
6088 4268068
4306 4268120
54291 4268271
2588 4268307
2536 4268335
  56 4268406
2536 4268426
7552 4268462
2588 4268605
1676 4268649
 912 4268662
2382 4268769
2382 4268848
4764 4268893
2382 4268914
2588 4269023
1531 4269028
1057 4269059
1005 4269087
  56 4269158
1005 4269178
2959 4269214
1057 4269247
 169 4269291
 888 4269302
2382 4269409
2382 4269488
4764 4269533
2382 4269554
1057 4269580
 884 4269609
2952 4269619
2452 4269637
2328 4269639
 760 4269664
1057 4269693
1057 4270130
 933 4270151
 934 4270163
1058 4270212
1006 4270240
  56 4270319
1006 4270339
2962 4270382
1058 4270426
 169 4270471
 889 4270479
2385 4270545
2385 4270624
4770 4270670
2385 4270687
 795 4270702
 263 4270710
2589 4270792
2589 4270848
2537 4270876
  56 4270953
2537 4270973
7557 4271022
2590 4271052
1677 4271096
 913 4271104
2385 4271185
2385 4271270
4770 4271309
2385 4271326
 795 4271356
54293 4271416
6088 4271422
1782 4271430
5154 4271521
5154 4271606
10308 4271645
5154 4271662
1718 4271693
67368 4271726
7517 4271732
2479 4271740
7287 4271825
7287 4271916
14574 4271949
7287 4271966
2429 4271996
23396 4272048
7209 4272054
2143 4272062
6219 4272145
6219 4272236
12438 4272269
6219 4272286
2073 4272316
49126 4272368
5521 4272374
1095 4272382
3075 4272465
3075 4272556
6150 4272589
3075 4272606
1025 4272636
26701 4272670
2968 4272676
 749 4272684
2112 4272769
2112 4272856
4224 4272893
2112 4272910
 704 4272940
4651 4272992
2471 4272998
 280 4273006
 705 4273089
 705 4273176
1410 4273213
 705 4273230
 235 4273258
16127 4273313
1825 4273319
 205 4273335
 426 4273425
 426 4273510
 852 4273549
 426 4273566
 142 4273585
8030 4273640
 934 4273663