  68 4195104
   1 4200719
   1 4200839
   1 4200959
   1 4200976
  40 4201367
  26 4201508
  26 4201611
 104 4201697
  36 4201716
   1 4201723
   1 4201738
  68 4201747
  15 4201769
  15 4201787
   1 4201796
  15 4201803
 104 4201818
  26 4201978
  26 4202027
  26 4203562
  26 4203599
 676 4203639
 676 4203649
 676 4203655
 676 4203660
 676 4203676
  26 4203682
  26 4203701
  14 4203707
  14 4203746
  12 4203768
  26 4203784
  26 4203810
  26 4204359
  26 4204361
  26 4204366
  26 4204387
  12 4204410
  14 4204426
  26 4204445
  12 4204469
  14 4204488
  14 4204518
  14 4204580
  14 4204652
  14 4204743
  14 4204805
  14 4204810
  14 4204816
  14 4204873
  14 4204878
  14 4204951
  14 4204963
  14 4204965
  14 4205022
  14 4205027
  14 4205057
  28 4205148
  28 4205268
  28 4205273
  28 4205287
  28 4205329
  28 4205337
  28 4205364
  28 4205392
  28 4205397
  28 4205431
  40 4205555
  66 4205573
  14 4205627
  14 4205654
4214 4205683
4214 4205694
 420 4205699
 420 4205704
 420 4205757
4214 4205795
4214 4205803
4200 4205812
4200 4205820
4200 4205832
4200 4205846
  14 4205999
  14 4206040
5054 4206072
5054 4206084
5054 4206091
2960 4206098
2960 4206106
 804 4206115
 804 4206122
5054 4206151
 266 4206159
  14 4206161
  14 4206174
  14 4206228
6696 4206243
6670 4206274
  26 4206277
  40 4208320
  40 4208332
  40 4208343
  40 4208348
  40 4208362
  40 4208370
  40 4208377
  14 4208382
  14 4208392
  14 4208399
  26 4208435
  26 4208442
  26 4208456
  26 4208467
  26 4208472
  26 4208483
  26 4208487
  26 4208495
  26 4208502
  14 4208551
  14 4208556
  14 4208578
  26 4208602
  26 4208633
  40 4208656
  40 4208661
  40 4208675
  40 4208700
  14 4212486
  14 4212505
  14 4212521
  14 4212546
  14 4212559
  14 4212567
  14 4212576
  14 4212603
  14 4212605
  14 4212621
  14 4212623
  14 4212639
  14 4212641
  14 4212649
  14 4212656
  14 4230870
5054 4230898
12160 4230922
  26 4232177
4158 4232329
4158 4232400
5149 4232419
2609 4232429
 728 4232431
8290 4232516
6287 4232524
4158 4232557
1392 4232697
1392 4232768
1686 4232787
 797 4232797
 217 4232799
2688 4232884
1986 4232892
1392 4232925
13929 4232989
4169 4233011
4122 4233033
4093 4233067
13929 4233101
4200 4234759
  14 4234791
  14 4234810
 399 4234852
 162 4234856
 399 4234899
 157 4234903
 399 4234933
  14 4234938
   6 4234960
   2 4234964
  14 4235001
7061 4240886
1751 4240905
 277 4240909
3988 4240955
3988 4240966
2731 4240975
1751 4240981
7061 4241014
5348 4241053
5348 4241064
4267 4241073
1702 4241078
7061 4241108
5895 4241149
5895 4241160
4626 4241169
1637 4241174
7061 4241204
5557 4241245
5557 4241256
4386 4241265
1676 4241270
7061 4241302
4070 4241346
 131 4241442
 131 4241477
 119 4241547
 119 4241601
 131 4241631
  62 4241688
  62 4241740
 131 4241773
  70 4241832
  70 4241884
 131 4241917
  86 4241925
  72 4241992
  72 4242052
 131 4242142
4132 4242190
 131 4242212
4001 4242306
16004 4242358
9420 4242367
4619 4242391
1014 4242456
1014 4242507
 587 4242532
4801 4242547
4801 4242569
4055 4242587
2219 4242596
4055 4242603
16004 4242615
4001 4242692
  54 4242760
  54 4242808
4001 4242829
18464 4242853
4341 4242967
1221 4242971
 107 4242975
14123 4242978
3120 4242982
 205 4242986
4029 4242989
17660 4243531
17661 4243539
9364 4245862
4854 4245881
4854 4245900
 472 4245909
 134 4245935
 134 4246021
 156 4246038
 156 4246052
 134 4246062
 376 4246072
 419 4246091
 376 4246111
 283 4246131
 174 4246151
  91 4246171
  43 4246184
9364 4246231
2341 4246251
1001 4246267
22708 4246591
10222 4246595
12486 4246609
12486 4246616
7408 4246620
5078 4246642
10920 4246709
1578 4246713
1831 4246724
1771 4246732
1518 4246737
1325 4246753
9342 4246771
2266 4246792
1247 4246803
1247 4246815
10486 4246841
2373 4246847
22708 4246865
16496 4246995
4251 4247021
1518 4247050
1001 4247070
 747 4247090
 482 4247110
 247 4247130
 517 4247145
1001 4247159
1001 4247166
1001 4247203
1001 4247211
 279 4247227
 253 4247246
  26 4247258
16496 4247276
4124 4247296
50092 4247338
12486 4247392
 861 4247399
 333 4247401
11625 4247408
3764 4247418
9081 4247460
 575 4247467
 176 4247469
8506 4247476
2254 4247486
7157 4247524
 421 4247531
 124 4247533
6736 4247537
1504 4247547
5903 4247585
 389 4247592
 279 4247594
5514 4247598
1020 4247608
7408 4247610
5078 4247613
20328 4247991
4124 4255580
1333 4255590
1333 4255597
4124 4255630
1516 4255640
1516 4255647
4124 4255680
1335 4255690
1335 4255697
4124 4255730
1609 4255740
1609 4255747
4124 4255780
1587 4255790
1587 4255797
4124 4255830
1422 4255840
1422 4255847
4124 4255880
1642 4255890
1642 4255897
4124 4255930
1395 4255940
1395 4255947
4124 4255976
4124 4256021
 279 4256063
 279 4256096
4124 4256113
 279 4256142
 278 4256183
 278 4256210
 102 4256231
 204 4256251
  87 4256272
 130 4256292
  79 4256313
  64 4256333
  61 4256354
 279 4256369
10460 4257508
10460 4257551
10460 4257594
10460 4257637
10460 4257668
4467 4264812
2283 4264837
 718 4264845
 844 4264868
 377 4264876
 251 4264891
2252 4264916
 701 4264924
 825 4264932
 359 4264940
 235 4264955
2221 4264980
 832 4264988
1015 4264996
 474 4265004
 291 4265019
2135 4265040
 744 4265048
 991 4265060
 489 4265068
 242 4265083
4226 4265096
1247 4265102
  26 4265452
  26 4265570
  26 4265575
  26 4265589
  26 4265631
  12 4265639
  26 4265666
  26 4265694
  12 4265699
  26 4265733
4214 4267230
4214 4267270
20328 4268754
  80 4280513
  80 4280651
  40 4280879
  40 4280898
  40 4280913
  40 4280935
  40 4280951
  40 4281044
  40 4281060
  29 4281069
  29 4281076
  40 4281115
  40 4281132
4214 4284262
4214 4284316
4146 4284329
4146 4284338
4146 4284353
4124 4284379
4124 4284403
4124 4284427
4124 4284440
3282 4284454
3231 4284462
 932 4284469
2470 4284479
2470 4284495
2470 4284517
2471 4284527
2467 4284541
2467 4284556
2467 4284571
2467 4284614
2467 4284630
2467 4284652
2467 4284662
2467 4284673
2467 4284688
2467 4284707
2467 4284755
2467 4284771
2467 4284793
2467 4284803
2467 4284814
2467 4284829
2467 4284845
2467 4284891
2467 4284907
2467 4284929
2467 4284939
2467 4284950
2467 4284965
2467 4284981
2467 4285030
2467 4285041
2467 4285048
6345 4285080
3956 4285092
4214 4285195
  51 4285203
  51 4285241
2389 4285356
  51 4285374
  51 4285437
10197 4285462
3282 4285464
3282 4285479
3241 4285511
10541 4285551
10460 4285562
10460 4285578
10460 4285594
50092 4285660
50092 4285674
50092 4285685
48153 4285692
10459 4285727
10540 4285784
3240 4285790
3240 4285805
3240 4285816
2309 4285848
 566 4285856
  41 4285865
1497 4285875
4132 4285891
4132 4285905
4132 4285928
4132 4286006
9871 4286503
9871 4286516
9871 4286523
4906 4286532
4906 4286547
8491 4286573
8489 4286580
8490 4286587
6743 4286597
6743 4286604
3650 4286613
  65 4286615
  65 4286722
  65 4286734
 270 4286749
 270 4286756
 270 4286763
 180 4286773
 180 4286780
 208 4286792
   3 4286794
4965 4286900
4965 4286912
8724 4286941
8720 4286948
8720 4286955
6889 4286965
6889 4286972
3794 4286991
  35 4286993
  35 4287106
  35 4287120
 181 4287149
 181 4287156
 181 4287163
 117 4287173
 117 4287180
 147 4287188
   1 4287190
9872 4287293
4214 4287622
  26 4287676
  26 4287690
  26 4287732
  26 4287765
  26 4287953
4200 4287974
4200 4288000
  14 4288032
 460 4288118
  14 4316238
  14 4316382
  14 4316600
  14 4316607
3094 4316651
3094 4316665
3080 4316679
1209 4316688
  14 4316699
  14 4316713
25449 4316859
25449 4316899
25449 4317140
 523 4317251
 523 4317274
  66 4318167
  26 4318499
  40 4318714
  40 4318728
  40 4318739
  40 4318748
  14 4318756
   7 4318758
  26 4318763
  26 4318771
  40 4318781
  40 4318794
  40 4318835
  97 4319011
  14 4319059
  26 4319081
  26 4319108
  26 4319127
3612 4319154
3612 4319179
3612 4319319
3598 4319329
3598 4319331
3084 4319357
3084 4319378
3084 4319511
3072 4319517
3072 4319519
  26 4319527
  26 4320724
  26 4320742
  26 4320751
  14 4320761
1806 4320795
1806 4320802
 105 4320811
 105 4320825
1806 4320837
   7 4320839
3084 4320872
3084 4320879
 180 4320888
 180 4320910
 180 4320918
3084 4320930
  12 4320932
1806 4320955
1806 4320962
 104 4320971
 104 4320982
1806 4320994
  26 4321004
  82 4327784
  82 4327792
  82 4327838
  82 4332179
  82 4332181
  14 4866121
  14 4866136
 140 4866184
 126 4866190
  25 4866285
  25 4866329
  25 4866368
  25 4866438
  25 4866446
  25 4866458
 140 4866507
  14 4866527
  82 4867961
  82 4867971
  82 4867981
  82 4867989
  82 4868005
  26 4868023
  26 4868040
  26 4868058
  26 4868073
  26 4868103
  26 4868124
  26 4868143
  11 4868148
  26 4868175
  26 4868185
  26 4868190
  11 4868195
  26 4868219
  56 4868226
  56 4868238
  56 4868267
  56 4868279
  56 4868291
  56 4868308
  56 4868322
  56 4868336
  56 4868346
  56 4868421
  56 4868433
  41 4868451
  41 4868461
  41 4868483
  56 4868515
  56 4868536
  56 4868585
  56 4869104
  56 4869125
  56 4869145
  56 4869310
  56 4869322
  56 4869335
  56 4869354
  56 4869374
  15 4869381
  56 4870819
  82 4873258
  82 4873301
  26 4873333
   1 4873351
   1 4873365
   1 4873367
  81 4873424
  53 4873450
  25 4873459
  25 4873470
  25 4873497
  82 4873517
  82 4873543
  28 4873555
  28 4873586
  14 4873596
  56 4873745
 110 4873816
 166 4873829
 124 4873849
 124 4873862
 124 4873879
  57 4873884
 124 4873901
 110 4873914
  43 4873931
  42 4873958
  14 4873976
  14 4873985
   1 4874027
   1 4874061
  29 4874076
  14 4874095
  14 4874132
  14 4874134
  14 4874174
  28 4874231
  14 4874244
  14 4874436
  42 4874486
  42 4874541
  28 4874553
  28 4874566
 350 4874806
 392 4874814
  42 4874823
  14 4874868
  14 4874874
   1 4874893
  14 4874944
  28 4875124
  28 4875175
  42 4875243
  42 4875269
  42 4875279
  42 4875300
  42 4875310
  42 4875320
  42 4875404
  42 4875433
  42 4875446
  42 4875507
  28 4878049
  28 4878064
  28 4878071
  28 4878086
  82 4881779
  82 4881799
  82 4881819
  82 4881836
  82 4881848
  82 4881859
  82 4881868
  82 4881883
  82 4881895
  82 4881904
  82 4881909
  82 4881924
  82 4883434
  82 4883443
  82 4883459
  82 4883468
  82 4883484
  28 4963751
  14 4963756
  14 4963772
  14 4963795
  14 4963812
  14 4963834
  14 4963865
  14 4963867
  28 4963882
  28 4963943
  14 4963950
  70 4963992
  56 4964034
  14 4964056
  14 4964089
  14 4964106
  14 4964116
  14 4964122
  68 4999830
  32 4999832
  32 4999842
  28 4999844
  40 4999857
  12 4999872
  28 4999928
  28 4999938
  28 5000014
  28 5000024
  28 5000096
  28 5000187
 168 5000278
  28 5000291
  28 5000364
  28 5000642
  28 5000731
 168 5000818
  28 5000831
  28 5000900
  28 5006432
  29 5006616
  11 5008518