6893 4204584
3567 4204603
3567 4204612
28590 4204778
28590 4205138
115224 4205202
28590 4205206
28590 4205248
3567 4205259
3326 4205860
3326 4207044
6893 4207626
 959 4210504
7672 4210696
 959 4210702
 959 4210723
 600 4213763
 600 4213789
 600 4213922
 600 4213927
 600 4213953
59519 4249605
7440 4249611
1384 4253692
1384 4253714
1384 4253736
1385 4253758
1385 4253781
3959 4258948
3959 4258993
3958 4259008
31671 4259217
7917 4259780
   7 4451710
   7 4451761
 600 4451805
 600 4451861
   7 4451882
 600 4473535
 593 4473539
 593 4473555
 586 4473573
 586 4473578
  14 4473592
 600 4473662
 600 4473685
 600 4473847
 600 4474098
 600 4474132
 600 4474462
 600 4474737
 600 4474808
 600 4474857
 600 4474898
 599 4474972
 179 4475037
 179 4475069
 179 4475111
1198 4475180
 599 4475248
 599 4475281
 599 4475312
 599 4475351
 599 4475373
 599 4475442
 599 4475646
 600 4475677
1199 4475765
 600 4475779
 600 4475794
 429 4475804
 180 4475831
 420 4475995
 180 4476088
 180 4476167
 180 4476211
 180 4476253
 600 4476289
 600 4477175
 600 4477180
 600 4477270
 600 4477282
 600 4477358
 600 4477444
 599 4479995
 599 4480044
 599 4480165
 599 4480193
 599 4480271
2375 4480357
 717 4480367
 536 4480501
 536 4480535
2375 4480635
 599 4480654
 599 4481346
 599 4481414
 168 4481439
 168 4481494
 599 4481511
 599 4481589
 785 4482385
 785 4482617
 186 4482654
 186 4482705
 599 4482742
 599 4489897
 517 4489902
 488 4489907
 111 4489930
 599 4489967
 600 4489989
 599 4499691
 599 4499822
 599 4499836
 599 4500105
 599 4500258
 599 4500330
 599 4500384
 600 4500573
  68 4500589
  68 4500595
 600 4500619
 600 4500667
 600 4500738
 600 4500769
 600 4500830
 600 4501229
 600 4501294
 600 4501309
 600 4501431
 600 4501444
 600 4501457
 600 4501470
 600 4501490
 600 4501501
 600 4501594
 600 4501626
 600 4501689
 600 4502037
 600 4502092
 600 4502177
 600 4502208
 600 4502272
 600 4502666
 600 4502671
 600 4502766
 600 4502797
 600 4502861
 600 4503264
 600 4503269
 600 4503363
 600 4503394
 600 4503458
 600 4503818
 600 4503899
 125 4503930
 125 4503936
 600 4504577