2200 10798111
2200 10798153
1100 10798157
1100 10798159
2200 10798186
1100 10822016
 172 10822024
 281 10822038
 421 10822068
 140 10822076
 281 10822107
1100 10822116
5643 10822144
 276 10822146
1100 10822200
1100 10822265
1100 10822312
1100 10822335
1100 10822346
1100 10822375
1100 10822393
1100 10822431
1100 10822438
 156 10822450
 156 10822461
 156 10822465
 156 10822489
1100 10822508
1100 4248582
1100 4248594
1100 4248741
 156 4248755
1100 4248949
135298 4257044
135297 4257069
135297 4257074
135298 4257085
135298 4257090
135298 4257099
135298 4257109
135298 4257122
405894 4257539
270596 4257561
135298 4257648
 156 4257681
 156 4257696
135298 4257719
135298 4257731
135298 4257766
135298 4257774
135298 4257940
 156 4257965
 156 4257994
 156 4258003
 156 4258025